[ 0.03807591 -0.00188202  0.08529891 -0.08906294  0.00538306 -0.09269548
 -0.04547248  0.06350368  0.04170844 -0.07090025 -0.09632802  0.02717829
  0.01628068  0.00538306  0.04534098 -0.05273755 -0.00551455  0.07076875
 -0.0382074  -0.02730979 -0.04910502 -0.0854304  -0.0854304   0.04534098
 -0.06363517 -0.06726771 -0.10722563 -0.02367725  0.05260606  0.06713621
 -0.06000263 -0.02367725  0.03444337  0.03081083  0.01628068  0.04897352
  0.01264814 -0.00914709 -0.00188202 -0.00188202  0.00538306 -0.09996055
 -0.06000263  0.01991321  0.04534098  0.02717829 -0.05637009 -0.07816532
  0.06713621 -0.04183994  0.03444337  0.05987114 -0.05273755 -0.00914709
 -0.04910502 -0.04183994 -0.04183994 -0.02730979  0.04170844  0.06350368
 -0.07090025 -0.04183994 -0.02730979 -0.03457486  0.06713621 -0.04547248
 -0.00914709  0.04170844  0.03807591  0.01628068 -0.00188202 -0.00188202
  0.06350368  0.01264814  0.01264814 -0.00914709 -0.03094232 -0.09632802
  0.00538306 -0.10359309  0.07076875  0.01264814 -0.01641217 -0.0382074
  0.00175052  0.04534098 -0.07090025  0.04534098 -0.05273755 -0.04547248
  0.01264814  0.04534098 -0.02004471 -0.04910502 -0.07816532 -0.07090025
  0.0562386  -0.02730979  0.00175052 -0.00188202  0.01628068  0.01628068
 -0.09269548  0.05987114 -0.02730979  0.02354575 -0.09632802  0.02717829
  0.01991321  0.03807591  0.04170844  0.01991321 -0.0854304   0.01991321
  0.02354575 -0.03094232  0.04897352  0.05987114 -0.05637009  0.01628068
 -0.04910502  0.06350368  0.04897352  0.00538306 -0.00551455 -0.00551455
 -0.08906294  0.03444337 -0.05273755  0.0090156  -0.06363517 -0.09632802
  0.01628068 -0.04183994 -0.07453279 -0.00551455 -0.09269548  0.00538306
  0.03444337  0.02354575  0.04170844 -0.02730979  0.04170844 -0.03094232
  0.03081083 -0.04183994 -0.03094232 -0.05637009 -0.06000263 -0.04910502
  0.02354575  0.00175052 -0.03457486  0.04170844  0.06713621 -0.02730979
 -0.01641217 -0.00188202 -0.01277963 -0.00551455 -0.00914709 -0.04547248
 -0.05273755  0.01628068  0.04534098 -0.04183994 -0.05637009  0.07076875
  0.00175052 -0.00188202  0.02354575 -0.02004471  0.04170844 -0.06363517
  0.01628068  0.06713621  0.04534098  0.04897352  0.04170844 -0.02367725
 -0.0382074   0.04897352  0.04534098  0.04534098  0.01628068 -0.07453279
 -0.08179786 -0.06726771  0.00538306 -0.00188202  0.0090156  -0.00551455
  0.0562386   0.0090156  -0.06726771  0.02717829 -0.02367725  0.04897352
 -0.05273755  0.04170844  0.0562386  -0.03457486  0.08166637 -0.00188202
  0.11072668 -0.03094232  0.00175052  0.0090156   0.03081083  0.03807591
  0.0090156   0.09256398  0.06713621  0.00175052  0.03081083  0.02717829
  0.01264814  0.07440129 -0.04183994 -0.08906294  0.02354575 -0.04547248
 -0.02367725 -0.09996055 -0.02730979  0.03081083 -0.10359309  0.06713621
 -0.05273755 -0.02730979 -0.0382074   0.0090156   0.01264814  0.06713621
  0.04534098  0.06713621  0.02717829  0.0562386   0.03444337  0.02354575
  0.04897352  0.03081083 -0.10359309  0.01628068 -0.06000263 -0.02730979
  0.04170844 -0.08179786 -0.04183994 -0.01277963  0.06713621 -0.05273755
  0.00538306  0.08166637  0.03081083  0.00175052 -0.04910502 -0.02730979
  0.07803383  0.01264814  0.04170844  0.04897352 -0.01641217 -0.07453279
  0.03444337 -0.03457486 -0.05273755  0.05987114  0.06350368  0.0090156
  0.00538306  0.03807591  0.01264814  0.07440129  0.01628068 -0.00551455
  0.01264814 -0.03457486  0.06713621  0.03807591  0.0090156  -0.09269548
  0.07076875 -0.01641217  0.04170844  0.01264814 -0.0382074   0.04534098
  0.07076875 -0.07453279  0.05987114  0.07440129  0.0090156  -0.07090025
  0.02354575 -0.05273755  0.06713621  0.00175052  0.02354575  0.03807591
  0.01628068 -0.00188202  0.01264814  0.07440129  0.04170844 -0.00914709
  0.0090156   0.06713621  0.00175052 -0.00914709 -0.00551455  0.09619652
 -0.07453279  0.05987114 -0.02367725  0.0090156   0.01628068  0.01991321
  0.08893144  0.01991321 -0.02367725  0.09619652  0.02354575  0.07076875
  0.03081083 -0.00188202  0.04534098  0.07440129 -0.0382074  -0.01277963
  0.0090156   0.08166637  0.03081083  0.02717829 -0.06000263  0.00538306
 -0.02004471  0.01991321 -0.06363517  0.02717829 -0.01641217  0.03081083
  0.0562386  -0.02004471 -0.10722563  0.08166637  0.00538306  0.03807591
  0.03081083  0.00175052 -0.02730979 -0.0854304   0.01264814 -0.05273755
 -0.02367725 -0.07453279 -0.00551455 -0.06000263 -0.02004471  0.03807591
  0.01628068  0.04170844  0.01991321 -0.04910502  0.00175052  0.03444337
 -0.04547248 -0.00914709 -0.01641217 -0.00914709  0.01991321  0.05260606
 -0.02730979 -0.07453279 -0.10722563  0.04534098 -0.00188202  0.01991321
  0.01628068 -0.00188202  0.01628068 -0.07090025  0.04897352  0.00538306
  0.03444337  0.02354575  0.01991321 -0.04547248  0.05260606 -0.00551455
  0.0090156  -0.02367725 -0.04183994 -0.07453279  0.03444337 -0.06000263
 -0.0854304   0.05260606  0.01264814  0.05987114 -0.02367725  0.01628068
  0.11072668 -0.02004471 -0.01641217  0.04897352 -0.05637009  0.02717829
  0.06350368 -0.05273755 -0.00914709  0.00538306  0.07440129 -0.05273755
  0.08166637 -0.00551455 -0.02730979 -0.05273755  0.0090156  -0.02004471
  0.02354575  0.03807591 -0.07816532  0.0090156   0.00175052 -0.07816532
  0.03081083 -0.03457486  0.04897352 -0.04183994 -0.00914709  0.07076875
  0.0090156  -0.02730979  0.01628068 -0.01277963 -0.05637009  0.04170844
 -0.00551455  0.04170844 -0.04547248 -0.04547248]
[ 0.05068012 -0.04464164  0.05068012 -0.04464164 -0.04464164 -0.04464164
  0.05068012  0.05068012  0.05068012 -0.04464164 -0.04464164  0.05068012
 -0.04464164  0.05068012 -0.04464164  0.05068012 -0.04464164  0.05068012
 -0.04464164 -0.04464164 -0.04464164  0.05068012 -0.04464164  0.05068012
 -0.04464164  0.05068012 -0.04464164 -0.04464164 -0.04464164  0.05068012
 -0.04464164 -0.04464164  0.05068012 -0.04464164 -0.04464164  0.05068012
 -0.04464164 -0.04464164  0.05068012  0.05068012  0.05068012 -0.04464164
  0.05068012 -0.04464164  0.05068012  0.05068012 -0.04464164 -0.04464164
  0.05068012  0.05068012 -0.04464164  0.05068012 -0.04464164 -0.04464164
 -0.04464164 -0.04464164 -0.04464164 -0.04464164 -0.04464164  0.05068012
 -0.04464164  0.05068012  0.05068012 -0.04464164  0.05068012  0.05068012
  0.05068012  0.05068012  0.05068012 -0.04464164 -0.04464164 -0.04464164
  0.05068012  0.05068012  0.05068012  0.05068012  0.05068012 -0.04464164
 -0.04464164 -0.04464164 -0.04464164  0.05068012 -0.04464164 -0.04464164
 -0.04464164 -0.04464164  0.05068012 -0.04464164  0.05068012 -0.04464164
 -0.04464164 -0.04464164 -0.04464164 -0.04464164 -0.04464164 -0.04464164
  0.05068012 -0.04464164  0.05068012 -0.04464164 -0.04464164  0.05068012
 -0.04464164  0.05068012 -0.04464164  0.05068012 -0.04464164 -0.04464164
  0.05068012  0.05068012  0.05068012 -0.04464164 -0.04464164  0.05068012
 -0.04464164  0.05068012  0.05068012 -0.04464164  0.05068012 -0.04464164
 -0.04464164 -0.04464164  0.05068012  0.05068012 -0.04464164  0.05068012
 -0.04464164  0.05068012 -0.04464164 -0.04464164  0.05068012 -0.04464164
  0.05068012  0.05068012 -0.04464164 -0.04464164 -0.04464164 -0.04464164
  0.05068012 -0.04464164  0.05068012 -0.04464164  0.05068012 -0.04464164
  0.05068012 -0.04464164  0.05068012 -0.04464164  0.05068012  0.05068012
 -0.04464164 -0.04464164  0.05068012  0.05068012  0.05068012  0.05068012
 -0.04464164  0.05068012 -0.04464164 -0.04464164 -0.04464164  0.05068012
 -0.04464164  0.05068012 -0.04464164 -0.04464164  0.05068012 -0.04464164
  0.05068012 -0.04464164  0.05068012 -0.04464164  0.05068012  0.05068012
  0.05068012 -0.04464164  0.05068012 -0.04464164 -0.04464164 -0.04464164
  0.05068012 -0.04464164  0.05068012  0.05068012 -0.04464164  0.05068012
  0.05068012 -0.04464164 -0.04464164 -0.04464164 -0.04464164  0.05068012
  0.05068012  0.05068012 -0.04464164  0.05068012 -0.04464164  0.05068012
 -0.04464164 -0.04464164 -0.04464164  0.05068012  0.05068012  0.05068012
  0.05068012 -0.04464164  0.05068012 -0.04464164 -0.04464164  0.05068012
 -0.04464164 -0.04464164 -0.04464164 -0.04464164 -0.04464164  0.05068012
  0.05068012 -0.04464164 -0.04464164 -0.04464164  0.05068012 -0.04464164
  0.05068012 -0.04464164 -0.04464164  0.05068012  0.05068012  0.05068012
 -0.04464164  0.05068012  0.05068012 -0.04464164  0.05068012 -0.04464164
 -0.04464164  0.05068012 -0.04464164 -0.04464164  0.05068012 -0.04464164
  0.05068012  0.05068012  0.05068012  0.05068012  0.05068012 -0.04464164
 -0.04464164 -0.04464164 -0.04464164 -0.04464164 -0.04464164  0.05068012
 -0.04464164 -0.04464164  0.05068012 -0.04464164 -0.04464164  0.05068012
  0.05068012 -0.04464164 -0.04464164 -0.04464164  0.05068012  0.05068012
  0.05068012  0.05068012  0.05068012 -0.04464164  0.05068012 -0.04464164
  0.05068012  0.05068012 -0.04464164  0.05068012 -0.04464164  0.05068012
 -0.04464164 -0.04464164  0.05068012  0.05068012  0.05068012  0.05068012
 -0.04464164 -0.04464164  0.05068012 -0.04464164 -0.04464164 -0.04464164
  0.05068012  0.05068012  0.05068012 -0.04464164 -0.04464164 -0.04464164
  0.05068012  0.05068012 -0.04464164 -0.04464164  0.05068012  0.05068012
 -0.04464164  0.05068012 -0.04464164 -0.04464164  0.05068012  0.05068012
  0.05068012  0.05068012 -0.04464164  0.05068012 -0.04464164 -0.04464164
 -0.04464164  0.05068012 -0.04464164 -0.04464164  0.05068012 -0.04464164
 -0.04464164 -0.04464164 -0.04464164 -0.04464164  0.05068012  0.05068012
 -0.04464164 -0.04464164  0.05068012 -0.04464164 -0.04464164  0.05068012
  0.05068012  0.05068012 -0.04464164  0.05068012  0.05068012 -0.04464164
 -0.04464164  0.05068012 -0.04464164 -0.04464164 -0.04464164  0.05068012
  0.05068012 -0.04464164 -0.04464164  0.05068012  0.05068012  0.05068012
 -0.04464164  0.05068012  0.05068012  0.05068012  0.05068012 -0.04464164
  0.05068012  0.05068012  0.05068012  0.05068012 -0.04464164  0.05068012
 -0.04464164 -0.04464164  0.05068012  0.05068012  0.05068012 -0.04464164
  0.05068012  0.05068012  0.05068012 -0.04464164 -0.04464164  0.05068012
  0.05068012 -0.04464164 -0.04464164  0.05068012 -0.04464164  0.05068012
  0.05068012 -0.04464164 -0.04464164  0.05068012 -0.04464164  0.05068012
  0.05068012  0.05068012 -0.04464164 -0.04464164  0.05068012  0.05068012
  0.05068012 -0.04464164  0.05068012 -0.04464164 -0.04464164 -0.04464164
  0.05068012 -0.04464164 -0.04464164  0.05068012 -0.04464164 -0.04464164
  0.05068012 -0.04464164 -0.04464164  0.05068012 -0.04464164 -0.04464164
 -0.04464164  0.05068012  0.05068012 -0.04464164 -0.04464164 -0.04464164
  0.05068012 -0.04464164 -0.04464164 -0.04464164 -0.04464164 -0.04464164
 -0.04464164  0.05068012  0.05068012  0.05068012  0.05068012 -0.04464164
  0.05068012  0.05068012  0.05068012 -0.04464164 -0.04464164  0.05068012
 -0.04464164 -0.04464164 -0.04464164 -0.04464164 -0.04464164  0.05068012
  0.05068012  0.05068012 -0.04464164 -0.04464164]
[ 0.06169621 -0.05147406  0.04445121 -0.01159501 -0.03638469 -0.04069594
 -0.04716281 -0.00189471  0.06169621  0.03906215 -0.08380842  0.01750591
 -0.02884001 -0.00189471 -0.02560657 -0.01806189  0.04229559  0.01211685
 -0.0105172  -0.01806189 -0.05686312 -0.02237314 -0.00405033  0.06061839
  0.03582872 -0.01267283 -0.07734155  0.05954058 -0.02129532 -0.00620595
  0.04445121 -0.06548562  0.12528712 -0.05039625 -0.06332999 -0.03099563
  0.02289497  0.01103904  0.07139652  0.01427248 -0.00836158 -0.06764124
 -0.0105172  -0.02345095  0.06816308 -0.03530688 -0.01159501 -0.0730303
 -0.04177375  0.01427248 -0.00728377  0.0164281  -0.00943939 -0.01590626
  0.0250506  -0.04931844  0.04121778 -0.06332999 -0.06440781 -0.02560657
 -0.00405033  0.00457217 -0.00728377 -0.0374625  -0.02560657 -0.02452876
 -0.01806189 -0.01482845 -0.02991782 -0.046085   -0.06979687  0.03367309
 -0.00405033 -0.02021751  0.00241654 -0.03099563  0.02828403 -0.03638469
 -0.05794093 -0.0374625   0.01211685 -0.02237314 -0.03530688  0.00996123
 -0.03961813  0.07139652 -0.07518593 -0.00620595 -0.04069594 -0.04824063
 -0.02560657  0.0519959   0.00457217 -0.06440781 -0.01698407 -0.05794093
  0.00996123  0.08864151 -0.00512814 -0.06440781  0.01750591 -0.04500719
  0.02828403  0.04121778  0.06492964 -0.03207344 -0.07626374  0.04984027
  0.04552903 -0.00943939 -0.03207344  0.00457217  0.02073935  0.01427248
  0.11019775  0.00133873  0.05846277 -0.02129532 -0.0105172  -0.04716281
  0.00457217  0.01750591  0.08109682  0.0347509   0.02397278 -0.00836158
 -0.06117437 -0.00189471 -0.06225218  0.0164281   0.09618619 -0.06979687
 -0.02129532 -0.05362969  0.0433734   0.05630715 -0.0816528   0.04984027
  0.11127556  0.06169621  0.01427248  0.04768465  0.01211685  0.00564998
  0.04660684  0.12852056  0.05954058  0.09295276  0.01535029 -0.00512814
  0.0703187  -0.00405033 -0.00081689 -0.04392938  0.02073935  0.06061839
 -0.0105172  -0.03315126 -0.06548562  0.0433734  -0.06225218  0.06385183
  0.03043966  0.07247433 -0.0191397  -0.06656343 -0.06009656  0.06924089
  0.05954058 -0.02668438 -0.02021751 -0.046085    0.07139652 -0.07949718
  0.00996123 -0.03854032  0.01966154  0.02720622 -0.00836158 -0.01590626
  0.00457217 -0.04285156  0.00564998 -0.03530688  0.02397278 -0.01806189
  0.04229559 -0.0547075  -0.00297252 -0.06656343 -0.01267283 -0.04177375
 -0.03099563 -0.00512814 -0.05901875  0.0250506  -0.046085    0.00349435
  0.05415152 -0.04500719 -0.05794093 -0.05578531  0.00133873  0.03043966
  0.00672779  0.04660684  0.02612841  0.04552903  0.04013997 -0.01806189
  0.01427248  0.03690653  0.00349435 -0.07087468 -0.03315126  0.09403057
  0.03582872  0.03151747 -0.06548562 -0.04177375 -0.03961813 -0.03854032
 -0.02560657 -0.02345095 -0.06656343  0.03259528 -0.046085   -0.02991782
 -0.01267283 -0.01590626  0.07139652 -0.03099563  0.00026092  0.03690653
  0.03906215 -0.01482845  0.00672779 -0.06871905 -0.00943939  0.01966154
  0.07462995 -0.00836158 -0.02345095 -0.046085    0.05415152 -0.03530688
 -0.03207344 -0.0816528   0.04768465  0.06061839  0.05630715  0.09834182
  0.05954058  0.03367309  0.05630715 -0.06548562  0.16085492 -0.05578531
 -0.02452876 -0.03638469 -0.00836158 -0.04177375  0.12744274 -0.07734155
  0.02828403 -0.02560657 -0.06225218 -0.00081689  0.08864151 -0.03207344
  0.03043966  0.00888341  0.00672779 -0.02021751 -0.02452876 -0.01159501
  0.02612841 -0.05901875 -0.03638469 -0.02452876  0.01858372 -0.0902753
 -0.00512814 -0.05255187 -0.02237314 -0.02021751 -0.0547075  -0.00620595
 -0.01698407  0.05522933  0.07678558  0.01858372 -0.02237314  0.09295276
 -0.03099563  0.03906215 -0.06117437 -0.00836158 -0.0374625  -0.01375064
  0.07355214 -0.02452876  0.03367309  0.0347509  -0.03854032 -0.03961813
 -0.00189471 -0.03099563 -0.046085    0.00133873  0.06492964  0.04013997
 -0.02345095  0.05307371  0.04013997 -0.02021751  0.01427248 -0.03422907
  0.00672779  0.00457217  0.03043966  0.0519959   0.06169621 -0.00728377
  0.00564998  0.05415152 -0.00836158  0.114509    0.06708527 -0.05578531
  0.03043966 -0.02560657  0.10480869 -0.00620595 -0.04716281 -0.04824063
  0.08540807 -0.01267283 -0.03315126 -0.00728377 -0.01375064  0.05954058
  0.02181716  0.01858372 -0.01159501 -0.00297252  0.01750591 -0.02991782
 -0.02021751 -0.05794093  0.06061839 -0.04069594 -0.07195249 -0.05578531
  0.04552903 -0.00943939 -0.03315126  0.04984027 -0.08488624  0.00564998
  0.02073935 -0.00728377  0.10480869 -0.02452876 -0.00620595 -0.03854032
  0.13714305  0.17055523  0.00241654  0.03798434 -0.05794093 -0.00943939
 -0.02345095 -0.0105172  -0.03422907 -0.00297252  0.06816308  0.00996123
  0.00241654 -0.03854032  0.02612841 -0.08919748  0.06061839 -0.02884001
 -0.02991782 -0.0191397  -0.04069594  0.01535029 -0.02452876  0.00133873
  0.06924089 -0.06979687 -0.02991782 -0.046085    0.01858372  0.00133873
 -0.03099563 -0.00405033  0.01535029  0.02289497  0.04552903 -0.04500719
 -0.03315126  0.097264    0.05415152  0.12313149 -0.08057499  0.09295276
 -0.05039625 -0.01159501 -0.0277622   0.05846277  0.08540807 -0.00081689
  0.00672779  0.00888341  0.08001901  0.07139652 -0.02452876 -0.0547075
 -0.03638469  0.0164281   0.07786339 -0.03961813  0.01103904 -0.04069594
 -0.03422907  0.00564998  0.08864151 -0.03315126 -0.05686312 -0.03099563
  0.05522933 -0.06009656  0.00133873 -0.02345095 -0.07410811  0.01966154
 -0.01590626 -0.01590626  0.03906215 -0.0730303 ]
[ 2.18723550e-02 -2.63278347e-02 -5.67061055e-03 -3.66564468e-02
  2.18723550e-02 -1.94420933e-02 -1.59992226e-02  6.66296740e-02
 -4.00993175e-02 -3.32135761e-02  8.10087222e-03 -3.32135761e-02
 -9.11348125e-03  8.10087222e-03 -1.25563519e-02  8.04011568e-02
  4.94153205e-02  5.63010619e-02 -3.66564468e-02 -4.00993175e-02
 -4.35421882e-02  1.21513083e-03 -9.11348125e-03  3.10533436e-02
 -2.28849640e-02 -4.00993175e-02 -2.63278347e-02 -4.00993175e-02
 -7.45280244e-02  6.31868033e-02 -1.94420933e-02 -8.14137658e-02
  2.87580964e-02 -2.22773986e-03 -5.73136710e-02 -4.92803060e-02
  5.28581912e-02 -5.73136710e-02  9.76155103e-02 -7.45280244e-02
  2.18723550e-02 -1.08956731e-01 -1.48515991e-02 -7.10851537e-02
  8.10087222e-03  3.22009671e-02 -3.32135761e-02 -5.73136710e-02
  1.15437429e-02 -5.67061055e-03  1.49866136e-02  2.87580964e-02
 -5.67061055e-03  7.00725447e-02  8.10087222e-03 -3.66564468e-02
 -2.63278347e-02 -5.04279296e-02  3.56438378e-02  1.15437429e-02
 -4.00993175e-02 -5.38708003e-02 -4.00993175e-02 -6.07565417e-02
 -4.00993175e-02  5.97439326e-02 -3.32135761e-02 -1.71468462e-02
 -4.00993175e-02 -5.67061055e-03 -1.25563519e-02  1.25158476e-01
 -1.25563519e-02 -2.22773986e-03  5.63010619e-02 -2.63278347e-02
  7.00725447e-02 -7.45280244e-02 -2.28849640e-02 -2.63278347e-02
  4.25295792e-02 -2.97707054e-02 -2.63278347e-02 -4.69850589e-02
 -1.00923366e-01  1.21513083e-03 -4.00993175e-02  1.15437429e-02
 -6.76422830e-02 -1.94420933e-02 -4.00993175e-02 -5.38708003e-02
  9.76155103e-02 -1.02070990e-01 -1.25563519e-02 -8.14137658e-02
  4.94153205e-02 -2.51802112e-02 -1.25563519e-02  1.15437429e-02
 -2.28849640e-02  6.31868033e-02 -1.59992226e-02  1.15437429e-02
 -2.22773986e-03 -4.00993175e-02 -4.35421882e-02 -5.50184238e-02
  2.99057198e-02  2.36275439e-03 -2.28849640e-02 -2.63278347e-02
 -2.63278347e-02  6.31868033e-02  6.31868033e-02 -5.67061055e-03
  7.00725447e-02  8.72868982e-02  2.53152257e-02 -2.22773986e-03
  1.15437429e-02  2.18723550e-02  2.18723550e-02 -1.08011631e-03
  8.10087222e-03 -2.22773986e-03 -2.63278347e-02 -1.25563519e-02
 -2.63278347e-02  4.65800153e-03  1.04501252e-01 -6.76422830e-02
 -9.11348125e-03 -4.00993175e-02 -3.32135761e-02 -3.66564468e-02
 -5.73136710e-02  9.76155103e-02  7.69582861e-02  5.28581912e-02
  4.25295792e-02 -4.69850589e-02  3.90867085e-02 -9.11348125e-03
 -1.59992226e-02  6.31868033e-02  1.21513083e-03 -1.94420933e-02
 -1.94420933e-02 -4.69850589e-02  2.53152257e-02 -5.67061055e-03
  7.00725447e-02  6.31868033e-02 -5.67061055e-03  4.94153205e-02
  1.21513083e-03 -1.82944698e-02 -6.99375302e-02  8.72868982e-02
 -7.45280244e-02  7.00725447e-02 -7.45280244e-02  7.69582861e-02
  2.18723550e-02 -4.69850589e-02 -3.66564468e-02  3.79390850e-02
 -2.22773986e-03  4.94153205e-02 -3.66564468e-02 -9.86281193e-02
  8.10087222e-03 -5.67061055e-03 -4.35421882e-02 -2.63278347e-02
  3.90867085e-02 -2.51802112e-02 -2.63278347e-02 -1.25563519e-02
  3.56438378e-02 -5.38708003e-02  5.63010619e-02  6.31868033e-02
 -2.28849640e-02  8.10087222e-03 -1.94420933e-02 -2.63278347e-02
  4.94153205e-02  1.21513083e-03  2.87580964e-02 -4.35421882e-02
  8.10087222e-03 -6.41994123e-02  3.22009671e-02  1.49866136e-02
 -3.32135761e-02  7.00725447e-02 -2.63278347e-02  3.44962143e-02
 -7.96585770e-03 -1.59992226e-02  3.56438378e-02  5.28581912e-02
  2.87580964e-02  1.49866136e-02 -9.11348125e-03  2.87580964e-02
  7.69582861e-02  6.66296740e-02  1.49866136e-02  2.18723550e-02
  3.56438378e-02 -2.28849640e-02 -2.28849640e-02  9.76155103e-02
  4.94153205e-02  1.01058381e-01 -4.00993175e-02 -1.94420933e-02
 -5.67061055e-03 -2.63278347e-02  4.25295792e-02 -6.41994123e-02
 -1.12399602e-01  4.94153205e-02 -2.63278347e-02  5.74486854e-02
 -6.07565417e-02 -2.97707054e-02 -5.73136710e-02  2.18723550e-02
 -1.14087284e-02 -5.04279296e-02  4.59724499e-02  5.85963092e-02
  3.56438378e-02 -6.87899066e-02  5.97439326e-02 -1.25563519e-02
  6.66296740e-02  4.65800153e-03 -2.28849640e-02  1.15437429e-02
 -1.94420933e-02 -2.97707054e-02 -6.19041652e-02 -4.00993175e-02
  5.97439326e-02  5.28581912e-02  7.35154154e-02  8.72868982e-02
 -5.61660474e-02  8.10087222e-03  7.69582861e-02 -5.67061055e-03
 -4.69850589e-02  2.53152257e-02 -4.23945646e-02  4.25295792e-02
 -5.73136710e-02  1.04501252e-01  9.76155103e-02 -4.69850589e-02
 -3.32135761e-02 -1.71468462e-02  1.15437429e-02 -8.48566365e-02
  7.00725447e-02 -2.63278347e-02  8.38440275e-02  4.25295792e-02
 -5.61660474e-02  4.59724499e-02  3.56438378e-02  1.15437429e-02
  6.31868033e-02  1.21513083e-03 -8.48566365e-02  4.65800153e-03
  3.90867085e-02 -5.73136710e-02 -5.67061055e-03 -3.32135761e-02
  2.87580964e-02 -1.59992226e-02 -7.79708951e-02 -1.59992226e-02
  2.18723550e-02 -4.00993175e-02  2.53152257e-02  6.31868033e-02
 -3.20659526e-02  1.26913665e-02 -5.67061055e-03 -4.00993175e-02
 -4.00993175e-02 -6.41994123e-02 -4.69850589e-02 -1.59992226e-02
 -4.12469410e-02  5.28581912e-02  3.33485905e-02  9.41726396e-02
  5.28581912e-02 -4.00993175e-02  2.18723550e-02  4.65800153e-03
 -3.32135761e-02 -2.22773986e-03  3.56438378e-02 -5.73136710e-02
 -5.67061055e-03  5.28581912e-02 -1.25563519e-02 -5.38708003e-02
  1.21513083e-03  5.51534385e-02  2.53152257e-02  4.59724499e-02
 -5.67061055e-03  7.92535333e-02  6.20391799e-02  4.94153205e-02
  1.15437429e-02 -6.64946595e-02 -3.32135761e-02  2.87580964e-02
 -6.07565417e-02 -2.22773986e-03  4.25295792e-02 -3.66564468e-02
  7.69582861e-02  2.87580964e-02 -2.28849640e-02 -1.25563519e-02
 -3.66564468e-02  7.00725447e-02 -3.32135761e-02 -5.04279296e-02
  1.32044217e-01  5.63010619e-02  5.63010619e-02  9.07297689e-02
 -4.00993175e-02 -3.32135761e-02  3.22009671e-02 -7.45280244e-02
 -5.67061055e-03 -4.35421882e-02  1.07944122e-01 -3.32135761e-02
 -4.69850589e-02 -3.66564468e-02  2.18723550e-02  1.49866136e-02
 -1.59992226e-02  1.84294843e-02 -2.63278347e-02  3.22009671e-02
  2.18723550e-02  2.87580964e-02  7.00725447e-02  6.75072794e-05
 -1.94420933e-02 -1.25563519e-02 -1.59992226e-02  1.49866136e-02
  1.49866136e-02 -4.00993175e-02 -5.73136710e-02  4.94153205e-02
 -1.59992226e-02 -5.67061055e-03 -6.76422830e-02  1.07944122e-01
 -5.67061055e-03  1.84294843e-02 -5.67061055e-03  2.18723550e-02
  5.85963092e-02 -7.45280244e-02 -2.28849640e-02 -9.11348125e-03
  4.65800153e-03  4.94153205e-02 -1.59992226e-02 -7.45280244e-02
  5.63010619e-02 -8.48566365e-02  5.97439326e-02 -6.41994123e-02
 -2.22773986e-03 -4.35421882e-02  5.63010619e-02 -2.97707054e-02
 -2.28849640e-02 -3.09183290e-02 -3.32135761e-02  4.94153205e-02
  9.07297689e-02 -5.73136710e-02 -2.28849640e-02 -5.67061055e-03
  7.00725447e-02  8.38440275e-02 -8.48566365e-02 -5.27231767e-02
  1.07944122e-01  5.63010619e-02  8.10087222e-03 -4.35421882e-02
  6.31868033e-02 -2.63278347e-02 -4.52298700e-03 -5.04279296e-02
  9.87631337e-02 -7.45280244e-02 -2.63278347e-02 -5.38708003e-02
  6.75072794e-05  2.18723550e-02  5.28581912e-02  2.87580964e-02
 -1.94420933e-02 -8.14137658e-02  4.36772026e-02 -5.67061055e-03
  8.72868982e-02 -2.28849640e-02 -5.04279296e-02  2.18723550e-02
 -5.67061055e-03 -2.97707054e-02  8.10087222e-03 -4.00993175e-02
 -5.04279296e-02  5.97439326e-02 -6.76422830e-02  1.72818607e-02
  1.21513083e-03 -8.14137658e-02]
[-0.0442235  -0.00844872 -0.04559945  0.01219057  0.00393485 -0.06899065
 -0.04009564  0.09061988 -0.01395254 -0.01257658 -0.10338947 -0.00707277
 -0.00432087 -0.00432087  0.01769438  0.08924393  0.02457414  0.03420581
 -0.03734373 -0.00294491 -0.04559945 -0.03734373 -0.00294491  0.028702
 -0.03046397 -0.01532849 -0.08962994 -0.04284755 -0.04009564 -0.04284755
 -0.00982468 -0.03871969 -0.05385517 -0.0442235  -0.05798303  0.0493413
  0.00806271 -0.02496016  0.08786798  0.0025589   0.05484511 -0.07449446
 -0.04972731  0.02044629 -0.01670444 -0.01120063 -0.0469754  -0.08412613
  0.0025589  -0.01257658 -0.0442235  -0.04147159  0.03970963  0.01219057
  0.02044629 -0.00707277 -0.03183992 -0.08962994  0.01219057  0.06447678
 -0.06623874 -0.0442235  -0.01120063  0.02044629 -0.06348684  0.0053108
 -0.0208323  -0.00569682 -0.03321588 -0.07587041 -0.00019301  0.02457414
  0.10300346  0.03833367  0.02732605 -0.01120063 -0.12678067 -0.03871969
 -0.0676147   0.0025589   0.07135654  0.01081462  0.03282986 -0.05935898
 -0.02908802 -0.00982468 -0.05110326  0.06310082 -0.03183992 -0.00019301
 -0.03046397  0.06310082  0.0053108  -0.00294491 -0.00019301 -0.04559945
 -0.00432087  0.02182224 -0.01532849  0.02732605  0.06034892  0.01081462
  0.03695772  0.04108558 -0.02496016 -0.03183992 -0.04559945 -0.00294491
 -0.06211089  0.00118295 -0.04972731  0.02319819  0.0053108   0.01494247
  0.01356652  0.06447678  0.01356652  0.04521344  0.02319819 -0.01945635
 -0.03734373  0.00806271  0.04383748  0.15253776 -0.03459183 -0.03321588
 -0.05523112  0.03833367 -0.00569682  0.00943866 -0.00294491 -0.01945635
  0.03420581 -0.08412613  0.01219057 -0.04835136 -0.06073493 -0.01532849
 -0.03183992 -0.03459183 -0.03046397  0.03420581  0.05484511  0.01907033
  0.02044629 -0.03321588  0.01219057  0.01494247  0.03695772 -0.0208323
 -0.03459183 -0.00844872  0.03970963 -0.00432087  0.02044629  0.08511607
 -0.03734373  0.03145391  0.00118295  0.01356652 -0.02358421  0.13327442
 -0.02358421 -0.00844872  0.02732605 -0.03734373 -0.08825399  0.02182224
  0.06172487  0.05897297 -0.01395254 -0.07587041  0.03833367 -0.07174256
 -0.09650971 -0.03183992  0.02044629  0.02319819  0.02457414  0.02044629
 -0.01120063  0.04521344  0.06447678 -0.00432087 -0.02496016 -0.01945635
  0.03970963 -0.07587041  0.07410845 -0.00294491 -0.01808039 -0.07999827
  0.01907033  0.06998059 -0.05110326  0.0259501   0.03282986 -0.00844872
 -0.05523112  0.04383748  0.0520932  -0.00982468  0.12639466  0.03970963
 -0.02771206 -0.01670444  0.02457414  0.01219057  0.01769438 -0.05110326
  0.05484511 -0.02496016  0.0493413  -0.00156896 -0.0469754  -0.03459183
  0.05346915  0.04658939 -0.00569682 -0.06623874 -0.04835136 -0.01532849
 -0.05385517 -0.05798303 -0.04972731 -0.04009564 -0.02496016 -0.00019301
 -0.00019301  0.00393485  0.15391371  0.00806271  0.03970963 -0.02358421
  0.00668676 -0.05935898  0.07961226 -0.00019301 -0.03596778  0.08374012
 -0.00982468  0.01494247 -0.08687804 -0.03321588 -0.04972731 -0.05660707
  0.07961226  0.0025589   0.12777061  0.04796534 -0.01395254  0.06034892
  0.02457414  0.0520932   0.0493413  -0.00707277 -0.02908802 -0.00707277
  0.00668676 -0.01395254  0.00806271  0.03558177  0.01631843 -0.0469754
 -0.04559945  0.00118295 -0.00844872  0.0754844   0.02044629  0.04246153
 -0.03734373 -0.04284755 -0.07587041  0.07410845 -0.00707277 -0.02220825
  0.1250187  -0.05385517 -0.00707277 -0.02633611  0.01769438 -0.02496016
  0.08786798 -0.0442235  -0.06623874  0.01219057 -0.03321588  0.1250187
  0.04383748  0.05346915  0.00118295  0.06172487 -0.04972731  0.02044629
 -0.01670444 -0.00569682 -0.02633611 -0.03871969 -0.0910059  -0.03596778
 -0.00432087  0.02732605  0.03007796  0.05759701  0.07686035 -0.00844872
 -0.03871969  0.02457414 -0.07311851  0.07961226 -0.00156896  0.04521344
 -0.0208323   0.03282986 -0.00982468  0.03145391  0.00118295  0.06722868
  0.03007796 -0.01808039  0.08236416  0.05484511  0.02457414  0.06034892
  0.07823631  0.07273249 -0.00707277  0.02457414 -0.02908802 -0.02771206
 -0.00294491 -0.0703666  -0.01120063 -0.01670444 -0.07174256  0.00118295
  0.09199583 -0.01120063  0.00118295  0.0754844  -0.00982468 -0.02220825
 -0.00707277  0.00393485  0.0493413   0.04246153  0.12777061 -0.01257658
 -0.00432087 -0.09650971  0.01219057 -0.08137423 -0.05110326  0.08924393
  0.10988322 -0.03734373  0.00806271 -0.01670444 -0.03596778  0.00668676
 -0.01395254 -0.04284755 -0.03596778 -0.0469754  -0.00982468  0.00943866
  0.04108558  0.03007796  0.02182224 -0.02496016 -0.00156896  0.05071725
  0.01356652 -0.06623874 -0.06348684  0.03558177  0.11951489  0.01494247
 -0.00569682 -0.10889328 -0.06073493 -0.04284755 -0.02358421 -0.03183992
  0.09337179 -0.06348684 -0.00844872 -0.04972731 -0.00707277 -0.01120063
  0.01769438 -0.05935898  0.02182224 -0.02908802  0.01219057 -0.00707277
 -0.06348684 -0.0469754   0.04108558  0.01631843 -0.01808039 -0.03459183
 -0.00432087 -0.00569682 -0.03321588 -0.10476542 -0.03734373  0.00806271
  0.03145391  0.05622106  0.04796534 -0.07311851  0.01494247  0.01081462
  0.10988322  0.0259501  -0.00294491 -0.01532849  0.0988756  -0.06623874
  0.00118295  0.03970963  0.07823631  0.03833367 -0.01670444 -0.10063757
  0.05759701 -0.07311851  0.03558177  0.04658939  0.02182224 -0.03734373
  0.05759701  0.04658939  0.0053108  -0.01670444 -0.02496016 -0.00569682
  0.0493413  -0.03734373  0.01631843  0.08374012]
[-3.48207628e-02 -1.91633397e-02 -3.41944659e-02  2.49905934e-02
  1.55961395e-02 -7.92878444e-02 -2.48000121e-02  1.08914381e-01
  6.20168566e-03 -3.45076144e-02 -9.05611890e-02  4.59715403e-02
 -9.76888589e-03 -1.57187067e-02 -6.12835791e-05  1.07661787e-01
 -2.38605667e-02  4.94161734e-02 -1.94764882e-02 -1.13346282e-02
 -4.32757713e-02 -2.63657544e-02  7.76742797e-03 -4.73467013e-02
 -1.88501913e-02  4.63594335e-03 -9.61978613e-02 -4.35889198e-02
 -3.76390990e-02 -9.58847129e-02 -7.57684666e-03 -5.36096705e-02
 -1.29003705e-02 -8.99348921e-02 -4.89124436e-02 -4.13221358e-03
 -2.85577936e-02 -4.29626228e-02  7.54074957e-02  6.20168566e-03
  7.32154565e-02 -7.27117267e-02 -2.35474182e-02 -1.00820344e-02
  4.63594335e-03  1.50445873e-03 -4.76598498e-02 -7.42774690e-02
  5.88853719e-03  6.20168566e-03 -3.73259505e-02 -2.91840905e-02
  4.47189465e-02  2.21722572e-02  1.77881787e-02 -2.26079728e-02
 -3.04366844e-02 -1.04339721e-01 -5.79937490e-02  4.84767280e-02
 -7.86615475e-02 -2.73051998e-02 -1.38398159e-02  4.34663526e-02
 -5.98726398e-02  1.49698426e-02  1.21515064e-02  8.39372489e-03
 -2.41737151e-02 -6.14383821e-02 -9.14258897e-03  2.62431872e-02
  4.87898765e-02  5.31739549e-02  1.71618818e-02 -1.00072896e-03
 -1.06844909e-01 -2.76183482e-02 -6.83276482e-02  1.99802180e-02
  5.34871034e-02  2.84352264e-02  1.71618818e-02 -5.29833736e-02
 -3.01235359e-02 -1.00072896e-03 -1.50924097e-02  1.62224364e-02
 -3.70128021e-02 -1.60318551e-02 -4.51546621e-02  6.47604480e-02
 -2.07290821e-02 -1.54055582e-02 -1.35266674e-02 -2.88709421e-02
 -1.22740736e-02  4.25269072e-02 -1.38398159e-02  3.75165318e-02
  4.44057980e-02 -3.74432041e-04  2.49905934e-02  7.07102688e-02
 -1.72844490e-02 -2.16685274e-02 -3.48207628e-02  4.06480165e-02
 -5.58017098e-02  3.75165318e-02 -4.01442867e-02  1.02726157e-02
  1.96670695e-02  2.02933664e-02 -3.29418721e-02  4.94161734e-02
  2.06065149e-02  3.15667111e-02  4.00217195e-02 -4.29626228e-02
 -1.85370428e-02  2.15459603e-02  6.41341511e-02  1.98787990e-01
 -3.88916928e-02 -6.36304213e-02 -5.45491159e-02  1.37172487e-02
 -5.07165897e-03  1.05857641e-02 -4.75851051e-03 -1.07083313e-02
  4.78504311e-02 -7.17722813e-02  2.51864883e-04 -4.29626228e-02
 -6.80144998e-02 -1.63450036e-02 -3.38813175e-02 -4.89124436e-02
 -1.31387743e-03  5.72448849e-02  4.44057980e-02  6.82798258e-03
  5.06687672e-02 -3.26287236e-02  3.15667111e-02  2.34248511e-02
  4.81635795e-02 -2.04159336e-02 -1.44661128e-02 -2.38605667e-02
  6.69524872e-02  1.62224364e-02  2.62431872e-02  8.63676919e-02
 -3.57602082e-02  4.28400557e-02  1.68487334e-02  7.14113104e-03
 -1.32135190e-02  1.31461070e-01 -1.13346282e-02  5.57538873e-03
 -1.35266674e-02 -4.32757713e-02 -7.08328359e-02  1.50445873e-03
  6.31947057e-02 -1.60318551e-02 -1.50924097e-02 -5.98726398e-02
  1.59092880e-02 -6.64487575e-02 -9.46321190e-02 -2.63657544e-02
  2.59300387e-02  1.84144757e-02  1.62224364e-02  4.12743134e-02
  5.88853719e-03  5.00424703e-02  8.91860280e-02 -1.62702589e-03
 -2.60526059e-02 -2.48000121e-02  5.75580334e-02 -8.21061806e-02
  7.07102688e-02  3.07020104e-03 -5.07165897e-03 -7.61563598e-02
  2.12328118e-02  8.38625042e-02 -4.95387405e-02  4.84767280e-02
  3.62639380e-02  1.34041003e-02 -3.38813175e-02 -1.57187067e-02
  4.91030249e-02 -7.88999512e-03  9.10649188e-02  5.66185880e-02
 -7.26369820e-03 -4.70335528e-02  3.84559772e-02 -1.38398159e-02
  3.78296803e-02 -1.66581521e-02  4.72241342e-02 -1.66581521e-02
  3.12535626e-02 -1.00072896e-03 -8.11667352e-02 -3.20024267e-02
  7.41549019e-02  3.68902349e-02  1.43435457e-02 -7.42774690e-02
 -3.32550205e-02  8.78161806e-04 -4.76598498e-02 -6.01857882e-02
 -4.13968805e-02 -4.35889198e-02 -2.48000121e-02 -1.57187067e-02
  8.08057643e-03 -6.87580503e-04  1.55886650e-01  8.70687335e-03
  5.72448849e-02 -3.45076144e-02 -2.41737151e-02 -3.45076144e-02
  7.07102688e-02 -1.00072896e-03 -7.57684666e-03  3.87691257e-02
 -2.25332281e-03  2.74957811e-02 -6.77013513e-02 -1.60318551e-02
 -4.89124436e-02 -5.86200459e-02  5.09819157e-02 -1.85370428e-02
  1.28016437e-01  2.93746718e-02 -3.92048413e-02  4.87898765e-02
  5.28608065e-02  5.66185880e-02 -1.22740736e-02 -1.94764882e-02
 -1.97896367e-02 -2.35474182e-02  5.28608065e-02  1.29343776e-02
 -3.13761298e-02 -2.57394574e-02  1.74750303e-02 -3.26287236e-02
 -9.76888589e-03 -2.87961974e-03 -3.66996536e-02  7.94784257e-02
  3.75165318e-02 -1.03951828e-02 -4.73467013e-02 -2.10422305e-02
 -6.64487575e-02  3.28193049e-02 -3.19276820e-03 -1.54055582e-02
  9.16912157e-02 -7.80352506e-02  1.96670695e-02 -2.63657544e-02
  1.05857641e-02 -3.04366844e-02  1.02964560e-01 -3.63865051e-02
 -4.51546621e-02  2.12328118e-02 -8.64902590e-02  1.25198101e-01
  5.63054395e-02  5.31739549e-02  1.68487334e-02  4.28400557e-02
 -6.86407967e-02  4.25269072e-02  1.77881787e-02 -1.29003705e-02
 -2.44868636e-02 -2.44868636e-02 -7.55300629e-02 -2.19816759e-02
 -1.35266674e-02  3.00009688e-02  2.71826326e-02  2.02933664e-02
  1.16429944e-01  1.62224364e-02 -2.48000121e-02  3.56376411e-02
 -8.14798836e-02  7.00839719e-02  1.49698426e-02  6.06895180e-02
 -1.41529644e-02  1.96670695e-02 -1.00072896e-03  2.06065149e-02
 -2.13553790e-02  7.41549019e-02  8.70687335e-03 -5.45491159e-02
  9.20043642e-02  3.65770865e-02 -3.60733567e-02 -4.44536204e-03
  7.79126834e-02  5.66185880e-02  1.19131027e-03  2.49905934e-02
 -2.32342698e-02 -2.91840905e-02  3.68902349e-02 -4.64072559e-02
 -1.13346282e-02 -1.62702589e-03 -5.76806005e-02 -6.63740128e-03
  8.94991765e-02  7.14113104e-03  2.40511480e-02  5.66185880e-02
 -3.81906512e-03  1.19131027e-03  1.81013272e-02  8.70687335e-03
  6.44472995e-02  5.78711819e-02  1.27390140e-01 -1.25872221e-02
 -2.94972390e-02 -4.70335528e-02 -1.75975974e-02 -6.95802421e-02
 -9.71373067e-02 -3.19276820e-03  8.88728796e-02 -2.16685274e-02
  1.62224364e-02 -3.01235359e-02 -3.41944659e-02  1.74750303e-02
 -1.32135190e-02 -4.82861467e-02 -2.66789028e-02 -2.82446451e-02
  4.94909181e-03  5.26224027e-03  3.18798595e-02  3.37587503e-02
 -1.00820344e-02 -3.81906512e-03 -1.25872221e-02 -1.91633397e-02
  1.27778034e-02 -5.70543036e-02 -7.05196875e-02  2.24854057e-02
  1.30208477e-01  4.47189465e-02  1.08989126e-02 -1.15613066e-01
 -4.42152167e-02 -2.57394574e-02 -7.27117267e-02 -2.88709421e-02
  8.69939888e-02 -6.11252336e-02 -1.75975974e-02 -1.72844490e-02
 -5.07165897e-03 -1.66581521e-02 -2.32342698e-02 -5.04781859e-02
  3.65770865e-02 -2.32342698e-02 -5.45491159e-02 -2.16685274e-02
 -5.42359675e-02 -5.83068975e-02  3.21930080e-02  1.18383580e-02
 -3.54470598e-02 -5.39228190e-02  2.02933664e-02 -2.38605667e-02
 -2.79314967e-02 -1.00895088e-01 -3.70128021e-02  3.97085711e-02
  1.93539211e-02  7.29023080e-02  3.72033834e-02 -7.23985783e-02
  1.30909518e-02  7.14113104e-03  1.17056241e-01  4.72241342e-02
  1.81013272e-02 -1.31387743e-03  9.41964034e-02 -5.73674521e-02
  3.46981957e-02  4.50320949e-02  6.44472995e-02  7.35286049e-02
 -3.81906512e-03 -1.12794730e-01  6.88313780e-02 -6.26909759e-02
  2.15459603e-02  4.15874618e-02  4.53452434e-02 -4.70335528e-02
  4.47189465e-02  1.99802180e-02  1.08989126e-02  4.63594335e-03
 -4.70335528e-02 -2.56647127e-03  7.91652773e-02 -1.38398159e-02
  1.52829910e-02  2.78089295e-02]
[-0.04340085  0.07441156 -0.03235593 -0.03603757  0.00814208  0.04127682
  0.00077881  0.02286863 -0.02867429 -0.02499266 -0.01394774 -0.06549067
  0.04495846 -0.00290283  0.08177484 -0.03971921  0.07441156 -0.03971921
 -0.02867429  0.03759519  0.00077881  0.01550536  0.02286863 -0.05444576
 -0.00658447 -0.0581274   0.02655027  0.01182372 -0.00658447  0.05232174
  0.02286863  0.05968501 -0.10230705  0.11859122  0.00814208  0.13331777
  0.03759519  0.03023191 -0.02131102 -0.01394774 -0.02499266  0.01550536
 -0.0581274   0.11859122 -0.07653559 -0.01026611  0.00446045 -0.02499266
  0.04127682 -0.07285395 -0.00290283 -0.02867429  0.02655027  0.01550536
  0.05232174  0.08545648 -0.03603757  0.05232174  0.18117906  0.03023191
  0.05232174 -0.08021722  0.05968501 -0.01394774 -0.00290283 -0.05444576
 -0.07285395 -0.01394774 -0.01026611 -0.01394774  0.07072993 -0.01026611
  0.05600338 -0.00658447  0.04127682 -0.02131102 -0.05444576  0.01550536
 -0.05444576  0.01182372  0.05232174 -0.02131102  0.10018303 -0.01026611
  0.04495846  0.01550536 -0.03971921  0.09650139  0.03759519  0.06704829
  0.0780932  -0.01026611  0.06336665  0.06336665  0.07072993 -0.04340085
 -0.04340085 -0.03235593  0.00814208 -0.01394774  0.03023191  0.06336665
  0.05600338 -0.03603757  0.02286863 -0.01394774  0.00814208 -0.0581274
 -0.07285395 -0.05444576  0.03023191  0.06704829 -0.00290283 -0.04708248
 -0.02499266 -0.04708248 -0.02131102 -0.04708248 -0.03971921  0.03391355
 -0.01762938 -0.03603757 -0.05444576 -0.06180903  0.02286863 -0.03603757
  0.04127682  0.0780932   0.03023191 -0.02867429 -0.00658447  0.01550536
  0.00077881 -0.00290283  0.06336665 -0.07285395  0.0486401  -0.00658447
 -0.02131102 -0.02867429 -0.04340085 -0.08021722  0.00446045  0.07441156
 -0.0581274   0.01182372 -0.04340085 -0.02867429  0.019187   -0.06917231
 -0.03235593  0.05232174 -0.06549067 -0.01394774 -0.00290283 -0.00290283
  0.01182372 -0.01394774 -0.00290283 -0.01394774  0.00446045 -0.03971921
 -0.00290283 -0.00658447  0.10018303  0.0486401  -0.01394774 -0.03603757
 -0.0581274  -0.04708248  0.05968501 -0.01762938 -0.01762938 -0.01026611
 -0.03971921  0.00814208  0.00814208 -0.06180903  0.07072993 -0.04340085
 -0.04708248  0.03391355 -0.03971921 -0.01026611 -0.03235593 -0.06549067
 -0.06917231  0.0486401   0.04495846  0.01182372 -0.04708248 -0.03235593
  0.03391355 -0.03971921 -0.01026611 -0.03971921  0.03759519 -0.05444576
 -0.01394774  0.03759519  0.05600338  0.03759519  0.019187   -0.03971921
 -0.04708248  0.00077881 -0.02131102  0.02655027 -0.02867429 -0.07653559
  0.07072993  0.00077881  0.07072993  0.02655027  0.10386467 -0.04340085
 -0.06917231  0.01550536 -0.04340085  0.00814208  0.01182372 -0.03235593
 -0.02131102  0.01182372  0.00077881 -0.06917231  0.03023191  0.07441156
  0.01182372  0.04127682  0.00077881  0.00446045 -0.03971921  0.0486401
  0.00814208 -0.06180903  0.01550536  0.04495846 -0.07653559  0.06336665
 -0.04340085  0.00814208 -0.01762938 -0.01026611  0.02286863  0.03023191
  0.05600338  0.07072993 -0.02499266 -0.01762938 -0.03235593 -0.0581274
 -0.04340085 -0.01762938 -0.03603757  0.04127682 -0.04708248  0.05232174
 -0.06917231 -0.02683348  0.15172596  0.17749742 -0.02131102  0.00446045
 -0.05076412  0.00814208  0.12227286  0.00446045 -0.05076412  0.15908923
  0.01550536 -0.03971921 -0.02131102 -0.03603757 -0.01394774 -0.02131102
  0.06336665  0.06704829 -0.05444576  0.01550536  0.019187   -0.00658447
  0.01182372  0.019187   -0.06180903 -0.07653559  0.14068104  0.019187
  0.03759519 -0.04340085 -0.05444576  0.00814208  0.0780932   0.00077881
 -0.03235593  0.01182372  0.03391355  0.00446045 -0.03235593 -0.01394774
 -0.01394774  0.03023191 -0.00290283  0.02286863 -0.03971921 -0.06549067
 -0.00658447 -0.02867429  0.04495846  0.03391355 -0.01394774 -0.02131102
  0.01550536 -0.01026611 -0.00290283  0.05600338 -0.03235593 -0.00658447
  0.06336665  0.06336665 -0.01762938 -0.07653559 -0.09126214 -0.05444576
 -0.04340085 -0.04340085 -0.03971921  0.019187   -0.01026611  0.019187
 -0.06549067 -0.03971921 -0.0581274  -0.0581274  -0.00658447  0.06336665
 -0.06180903 -0.03971921 -0.02499266  0.03391355  0.019187   -0.03235593
 -0.03235593  0.03759519 -0.01394774 -0.01026611 -0.02131102  0.00446045
  0.0780932  -0.09862541 -0.00290283 -0.00658447  0.11859122  0.00814208
  0.00077881 -0.01394774  0.01550536 -0.01762938  0.04127682 -0.02499266
 -0.00658447  0.05232174 -0.02499266 -0.06549067 -0.03971921 -0.00658447
 -0.04340085 -0.02131102 -0.02499266 -0.04340085  0.07441156 -0.01394774
  0.02655027 -0.00290283  0.00814208  0.02655027 -0.02499266 -0.06180903
 -0.05076412  0.02286863 -0.01394774 -0.03235593 -0.04340085  0.00814208
  0.03391355  0.00446045  0.05232174 -0.02867429 -0.02131102  0.0486401
 -0.04708248  0.019187    0.01182372  0.01550536 -0.06917231  0.01182372
  0.019187   -0.01394774 -0.00290283 -0.01394774  0.07072993  0.07441156
 -0.06180903 -0.02131102  0.00814208 -0.06917231  0.03391355 -0.02867429
 -0.01762938 -0.03971921 -0.02867429  0.019187    0.01550536  0.0486401
 -0.03235593 -0.04340085 -0.01762938  0.00446045  0.07072993  0.01182372
 -0.04340085 -0.04340085  0.02655027 -0.07285395 -0.04708248  0.02286863
 -0.03235593 -0.00658447 -0.02499266  0.05600338 -0.02867429  0.03391355
 -0.00290283  0.12227286  0.03023191 -0.01762938  0.09281975 -0.02867429
 -0.02867429 -0.02499266 -0.02867429  0.17381578]
[-0.00259226 -0.03949338 -0.00259226  0.03430886 -0.00259226 -0.0763945
 -0.03949338  0.01770335 -0.00259226 -0.00259226 -0.0763945   0.07120998
 -0.03949338 -0.00259226 -0.03949338  0.1081111  -0.03949338  0.03430886
 -0.00259226 -0.03949338 -0.03949338 -0.03949338 -0.03949338  0.07120998
 -0.00259226  0.03430886 -0.0763945  -0.03949338 -0.03949338 -0.0763945
 -0.03949338 -0.0763945   0.1081111  -0.0763945  -0.03949338 -0.05351581
 -0.03949338 -0.03949338  0.07120998 -0.00259226  0.03430886 -0.03949338
  0.0158583  -0.0763945   0.07120998 -0.00259226 -0.03949338 -0.03949338
 -0.03949338  0.07120998 -0.03949338 -0.00259226 -0.00259226 -0.00259226
 -0.03949338 -0.03949338  0.00294291 -0.0763945  -0.0763945  -0.00259226
 -0.0763945   0.07120998 -0.03949338 -0.00259226 -0.03949338  0.07120998
  0.07120998 -0.00185424 -0.00259226 -0.03949338 -0.03949338 -0.00259226
 -0.00259226  0.03430886 -0.03949338 -0.00259226 -0.04798064 -0.03949338
 -0.00259226 -0.00259226 -0.00259226  0.03430886 -0.03949338 -0.03949338
 -0.05019471 -0.03949338 -0.00259226 -0.03949338 -0.03949338 -0.03949338
 -0.0763945   0.03430886 -0.03949338 -0.04724262 -0.03949338 -0.00259226
  0.03430886  0.03430886 -0.03949338  0.03430886 -0.00259226 -0.03949338
 -0.03949338  0.03430886 -0.03949338 -0.00259226 -0.03949338  0.05275942
  0.02692863  0.05017634 -0.03949338 -0.03949338 -0.00259226  0.03430886
  0.02065544  0.1081111   0.03430886  0.07120998  0.03430886 -0.03949338
 -0.00259226  0.03430886  0.07120998  0.18523444 -0.03949338 -0.00259226
 -0.0763945  -0.03949338 -0.03949338  0.03430886 -0.00259226 -0.03949338
 -0.00259226 -0.03949338 -0.03949338  0.03799897 -0.0763945  -0.00259226
 -0.00259226 -0.00259226 -0.00259226  0.13025177 -0.00259226 -0.03949338
  0.07120998 -0.03949338  0.03430886  0.02545259 -0.00259226  0.07120998
 -0.00259226 -0.03949338  0.1081111  -0.00259226 -0.00259226  0.03430886
 -0.03949338  0.01991742 -0.0070204  -0.00259226 -0.03949338  0.1081111
 -0.00259226 -0.00259226 -0.03949338 -0.03949338 -0.03949338  0.039106
  0.1081111   0.07120998 -0.03949338 -0.03949338  0.03430886 -0.03949338
 -0.03949338 -0.03949338 -0.00259226  0.08006625 -0.03949338  0.03430886
  0.03430886 -0.00259226  0.07120998 -0.00259226 -0.00259226  0.03430886
  0.1081111  -0.0763945  -0.00259226 -0.00259226  0.03430886 -0.03949338
 -0.03949338  0.07120998 -0.03949338  0.03430886 -0.00259226  0.03430886
 -0.03949338 -0.01440062 -0.02141183 -0.03949338  0.03430886  0.07120998
  0.03430886 -0.00259226  0.03430886 -0.03949338  0.03430886  0.03430886
 -0.03949338 -0.03949338 -0.03949338 -0.03949338 -0.0763945  -0.00259226
  0.14501222 -0.00259226  0.03430886 -0.03949338 -0.03949338 -0.00259226
 -0.03949338 -0.03949338 -0.03949338  0.03430886 -0.03949338 -0.05056372
 -0.00259226 -0.03949338  0.071948   -0.00259226  0.05608052 -0.03949338
 -0.01255556  0.01290621  0.03430886 -0.03764833  0.07120998 -0.00259226
  0.03430886 -0.00812743 -0.03949338 -0.00259226 -0.03949338 -0.03949338
 -0.00997249 -0.03949338  0.1081111   0.03430886 -0.00259226  0.1081111
  0.05091436  0.03430886  0.07120998 -0.03949338  0.03430886 -0.03949338
  0.08080427  0.00515697 -0.0763945  -0.0763945   0.03430886 -0.03949338
 -0.00259226 -0.01550765 -0.0763945   0.03430886  0.07120998 -0.0763945
 -0.03949338 -0.00259226 -0.03764833  0.07120998 -0.00259226 -0.00259226
 -0.00259226 -0.0763945   0.03430886 -0.03949338 -0.00259226 -0.00259226
  0.03430886 -0.03949338 -0.00259226  0.1081111  -0.0763945   0.03430886
 -0.00259226  0.07120998  0.03430886 -0.00259226 -0.07085934  0.00035983
 -0.00259226 -0.03949338 -0.03949338 -0.03949338 -0.03949338 -0.00259226
 -0.00111622 -0.00259226  0.00884709 -0.00259226  0.07120998  0.07120998
 -0.03949338  0.03430886 -0.06938329 -0.00259226  0.00072884  0.03615391
 -0.03949338  0.03430886 -0.00259226 -0.03949338  0.03430886  0.03283281
 -0.03949338 -0.03949338  0.07120998  0.14132211  0.15534454  0.1081111
  0.1081111   0.08486339  0.03430886 -0.00259226 -0.00259226 -0.03949338
  0.07120998 -0.00259226  0.03430886  0.03430886 -0.03949338 -0.03949338
  0.14501222  0.03430886 -0.00259226 -0.00259226 -0.03949338 -0.00259226
 -0.00259226 -0.03949338  0.03430886  0.03430886  0.07120998 -0.00259226
 -0.03949338  0.03430886 -0.00259226 -0.03949338 -0.0763945   0.03430886
  0.03430886 -0.00259226 -0.00259226 -0.00259226 -0.05167075  0.03430886
 -0.00259226 -0.0763945  -0.00259226  0.02840468  0.03430886 -0.00259226
  0.07120998  0.03430886  0.03430886  0.0158583  -0.03949338  0.03430886
 -0.00259226 -0.03949338 -0.03949338 -0.00259226  0.08670845  0.07120998
  0.03430886 -0.0763945  -0.03395821 -0.00259226 -0.00259226 -0.03949338
 -0.00259226 -0.03949338 -0.03949338 -0.00259226 -0.00259226 -0.03949338
  0.03430886 -0.03949338 -0.00259226 -0.03949338  0.07120998 -0.00259226
 -0.03949338 -0.02583997 -0.00259226 -0.00259226 -0.03949338 -0.0763945
  0.07120998 -0.00259226 -0.03949338 -0.00259226 -0.03949338  0.02102446
  0.02360753  0.07120998  0.03430886 -0.0763945  -0.00259226 -0.03949338
  0.09187461  0.07120998  0.00331192 -0.02141183 -0.00259226 -0.03949338
  0.03430886  0.07120998 -0.00259226  0.1081111   0.03430886 -0.0763945
  0.05755657 -0.03949338  0.03430886 -0.02473293  0.03430886 -0.03949338
  0.02323852 -0.03949338 -0.03949338 -0.00259226 -0.0763945  -0.00259226
  0.03430886 -0.01107952  0.02655962 -0.03949338]
[ 0.01990842 -0.06832974  0.00286377  0.02269202 -0.03199144 -0.04118039
 -0.06291295 -0.03581673 -0.01495648  0.06773633 -0.06291295 -0.09643322
 -0.03075121  0.03839325 -0.03199144  0.03605579  0.05228     0.02736771
 -0.01811827 -0.00894402 -0.01190068 -0.07212845 -0.0611766   0.13359898
 -0.02595242  0.01919903 -0.0425721  -0.01599827 -0.00060925  0.0594238
 -0.02712865 -0.03712835  0.00027149 -0.01811827 -0.0594727   0.02131085
  0.054724    0.01703713  0.07142403  0.01919903  0.01255315 -0.04986847
 -0.00991896 -0.0425721   0.03243323 -0.01495648 -0.0079794  -0.01811827
 -0.0594727   0.03546194 -0.02139368 -0.00239668 -0.01811827 -0.03324879
 -0.04118039 -0.06648815  0.03365681 -0.05615757 -0.00060925  0.03839325
 -0.05140054  0.0366458  -0.08238148 -0.03075121 -0.01919705  0.0423449
  0.00027149 -0.01190068 -0.01290794 -0.05140054 -0.06291295  0.02671426
  0.08449528 -0.00514531  0.00371174  0.00620932 -0.03075121 -0.07408887
  0.04289569 -0.06832974  0.02539313 -0.00608025 -0.07020931 -0.01599827
 -0.06832974 -0.04118039 -0.09643322  0.04289569 -0.03452372 -0.02479119
 -0.07212845  0.03723201  0.01255315 -0.03324879 -0.04118039  0.0011438
  0.06078775  0.00286377 -0.00608025  0.0117839   0.03723201 -0.03075121
 -0.00514531 -0.01090444 -0.0611766  -0.01090444 -0.0594727  -0.05295879
  0.04560081 -0.02595242 -0.12609739 -0.02364456 -0.02364456  0.04666077
  0.09924023  0.08379677  0.02200405  0.07912108  0.02061233  0.02736771
 -0.03980959  0.01990842  0.03243323  0.01556684 -0.01599827  0.08058546
 -0.09393565  0.00455189 -0.03075121  0.03896837  0.02269202 -0.04687948
 -0.01290794 -0.07212845 -0.02712865  0.05078151 -0.06648815  0.01703713
  0.02801651  0.054724   -0.03324879  0.04506617  0.04560081 -0.04118039
  0.00620932 -0.01599827  0.01482271  0.02605609 -0.03075121  0.06123791
 -0.01919705 -0.00894402  0.02671426 -0.03452372  0.00864028  0.03781448
 -0.02139368  0.01022564 -0.03075121  0.0423449  -0.03581673  0.07573759
 -0.03075121 -0.02364456  0.01776348 -0.05615757 -0.07814091  0.07763279
  0.06898221  0.13359898 -0.09643322 -0.05140054  0.07341008 -0.01811827
  0.01703713 -0.02712865 -0.00330371  0.07222365 -0.04836172  0.01407245
  0.01630495 -0.02595242  0.01556684  0.01556684  0.03723201  0.06731722
  0.04718617 -0.08682899 -0.00149859 -0.02028875  0.02337484  0.01022564
 -0.02952762  0.03953988  0.00200784  0.00783714 -0.03324879  0.01331597
 -0.07408887  0.08989869 -0.02832024 -0.05295879  0.08449528  0.02539313
  0.00200784  0.06345592  0.00943641  0.04613233 -0.00149859 -0.01190068
 -0.03324879 -0.02251217 -0.00060925 -0.02251217 -0.03980959  0.0366458
  0.04560081  0.03365681  0.00702686  0.0011438  -0.10164355  0.0011438
  0.0011438  -0.01811827 -0.03581673  0.06301662 -0.03980959 -0.03845911
 -0.02712865 -0.02364456  0.05027649  0.00943641  0.02405258 -0.02595242
  0.06432823 -0.00514531  0.04067226 -0.04836172  0.0110081   0.06604821
  0.03365681 -0.02952762 -0.07814091 -0.0439854  -0.0439854  -0.04986847
  0.04506617 -0.01090444  0.06389312  0.0702113   0.07573759  0.08449528
 -0.00421986  0.03486419  0.12005338 -0.00330371  0.02801651 -0.00514531
 -0.03712835 -0.0439854  -0.08023654 -0.01290794  0.03486419 -0.07212845
 -0.0594727   0.01482271 -0.08682899  0.02337484  0.02930041 -0.01190068
  0.00864028 -0.01811827 -0.01811827  0.10635428  0.01556684  0.0110081
  0.05757286 -0.02139368  0.0011438  -0.01599827  0.01630495  0.02405258
 -0.00894402 -0.06832974  0.00286377  0.05988072 -0.01919705  0.03243323
 -0.07020931  0.06123791  0.02993565  0.05803913 -0.06291295 -0.05454415
 -0.07408887  0.01630495 -0.05615757 -0.06468302 -0.03075121 -0.02595242
  0.04289569 -0.02139368  0.03119299  0.07380215 -0.02251217  0.01776348
 -0.03980959  0.02337484 -0.0611766   0.02671426 -0.01811827  0.01255315
 -0.03845911  0.05520504 -0.01190068 -0.01090444  0.07496834  0.02472532
  0.00943641  0.02866072  0.03304707  0.09864637  0.13339573  0.12901941
  0.06604821  0.08449528  0.02993565 -0.00060925 -0.00149859 -0.0170521
 -0.02364456 -0.04118039  0.05710419  0.02930041 -0.06291295 -0.05140054
  0.08094791  0.00538437 -0.02251217  0.04344317 -0.03581673 -0.02479119
 -0.02364456 -0.05780007  0.00702686 -0.00060925  0.06257518  0.00371174
 -0.01090444 -0.0611766   0.0702113  -0.05780007 -0.02028875  0.13237265
  0.07419254 -0.03324879 -0.02832024  0.04976866 -0.08238148  0.01482271
  0.01331597 -0.07212845  0.00371174  0.01919903  0.01482271  0.03119299
  0.07102158  0.03365681  0.08553312 -0.00514531 -0.0611766   0.11934399
 -0.01090444 -0.0425721  -0.00060925  0.02801651  0.04613233  0.00943641
  0.02269202 -0.04687948 -0.05140054 -0.01290794  0.10413761 -0.01811827
  0.02405258 -0.02595242 -0.03075121 -0.10436482  0.02671426 -0.04118039
  0.10329226 -0.08913686 -0.04118039 -0.03980959  0.13008061  0.03181522
 -0.09643322  0.03605579  0.04506617  0.03953988 -0.03452372 -0.0425721
  0.01556684  0.06168585 -0.02712865  0.0366458  -0.05615757 -0.04836172
  0.05803913  0.03056649  0.06604821 -0.05140054  0.00620932 -0.03581673
  0.054724    0.01482271 -0.02952762 -0.04687948 -0.02139368 -0.07408887
 -0.03324879  0.04976866  0.04067226  0.01556684  0.02405258 -0.02028875
  0.03546194 -0.04542096  0.06604821 -0.02595242 -0.00991896 -0.01495648
  0.05568355 -0.05140054 -0.04542096 -0.03845911 -0.0611766   0.03119299
 -0.01811827 -0.04687948  0.04452837 -0.00421986]
[-0.01764613 -0.09220405 -0.02593034 -0.00936191 -0.04664087 -0.09634616
 -0.03835666  0.00306441  0.01134862 -0.01350402 -0.03421455 -0.05906719
 -0.04249877 -0.01350402 -0.07563562 -0.04249877  0.02791705 -0.0010777
 -0.01764613 -0.05492509  0.01549073 -0.01764613 -0.01350402  0.13561183
 -0.05492509 -0.03421455 -0.0052198   0.04034337 -0.05492509  0.05276969
 -0.00936191 -0.04249877  0.02791705  0.00306441 -0.06735141  0.01963284
 -0.02593034 -0.0052198   0.02377494  0.00306441  0.09419076 -0.00936191
 -0.03421455  0.07348023 -0.01764613 -0.05078298 -0.08806194 -0.08391984
 -0.02178823 -0.01350402  0.00720652 -0.02178823 -0.01350402  0.04862759
  0.00720652  0.00720652 -0.01764613 -0.06735141 -0.05078298  0.01963284
 -0.03421455  0.01963284 -0.02593034 -0.07149352  0.01134862  0.01549073
  0.01963284  0.00306441  0.00306441  0.01963284  0.04034337  0.06105391
 -0.01764613 -0.00936191  0.07348023  0.02791705  0.01549073 -0.0010777
 -0.08391984 -0.02593034 -0.0052198  -0.0010777  -0.07977773 -0.04249877
 -0.12948301 -0.07149352 -0.03421455 -0.03835666  0.06933812  0.01963284
  0.01134862  0.01963284  0.01134862 -0.05492509 -0.09220405 -0.0052198
  0.03205916  0.07762233 -0.06735141 -0.05492509 -0.0010777   0.03620126
 -0.0010777  -0.03007245 -0.0632093   0.01963284 -0.08391984 -0.0052198
  0.04034337  0.10661708  0.01549073 -0.04664087  0.00306441  0.09004865
  0.02377494  0.00306441  0.02791705  0.13561183  0.0569118   0.02791705
 -0.02178823  0.01134862  0.04862759  0.07348023 -0.01350402  0.00720652
 -0.05492509 -0.09634616 -0.07149352  0.1190434   0.07348023 -0.07977773
  0.02377494 -0.03007245 -0.04664087  0.0569118  -0.02178823 -0.01350402
  0.07348023 -0.0052198   0.01549073  0.13146972 -0.0010777  -0.04249877
  0.00720652 -0.05078298  0.00720652  0.04034337 -0.0010777  -0.03835666
 -0.00936191 -0.01350402  0.07348023  0.01134862  0.00306441  0.04862759
 -0.03421455  0.02791705 -0.05078298 -0.01764613 -0.04664087  0.08590655
 -0.0010777   0.06105391 -0.01350402 -0.01350402 -0.10463037  0.10661708
  0.12732762  0.01963284 -0.01764613 -0.04664087  0.08590655 -0.05492509
  0.00720652  0.00306441  0.01963284  0.03205916 -0.03007245 -0.00936191
 -0.0010777  -0.0632093  -0.00936191  0.0569118   0.03205916 -0.01764613
 -0.03835666 -0.10463037 -0.00936191 -0.02593034 -0.0052198  -0.00936191
 -0.05906719  0.01963284  0.02377494  0.02377494  0.01134862  0.03620126
 -0.05906719  0.00720652  0.04448548  0.02791705 -0.03007245  0.02791705
  0.07762233 -0.02593034  0.00306441  0.03620126  0.1190434  -0.01350402
 -0.05906719 -0.02178823  0.01963284  0.00720652 -0.05492509  0.10661708
  0.04862759  0.04448548 -0.01350402 -0.03007245 -0.06735141 -0.03835666
  0.01963284 -0.05078298 -0.00936191  0.00306441 -0.05492509  0.00720652
 -0.05078298  0.01134862  0.06933812  0.01134862  0.03205916 -0.03835666
  0.0569118   0.04862759  0.01134862 -0.0010777  -0.02178823  0.04862759
  0.01963284  0.0569118  -0.07149352 -0.04249877 -0.0052198  -0.12948301
 -0.05906719 -0.09220405  0.04034337  0.00720652  0.03620126  0.04034337
 -0.03007245  0.06933812  0.09004865  0.00720652  0.01134862 -0.05078298
  0.0569118   0.00720652 -0.01764613  0.01549073  0.00306441 -0.01764613
 -0.02178823  0.04034337  0.00306441  0.02791705  0.07348023 -0.03835666
  0.01549073  0.00720652 -0.09220405  0.03620126  0.01549073  0.06933812
 -0.02178823  0.01549073  0.03205916 -0.02593034 -0.01764613  0.00306441
  0.02791705 -0.03007245 -0.05492509 -0.02178823 -0.0052198  -0.0052198
 -0.01764613 -0.03421455  0.04448548 -0.05906719 -0.03835666 -0.0010777
 -0.03421455  0.00306441 -0.05906719 -0.05492509 -0.01350402 -0.0010777
  0.04448548  0.03620126  0.02791705 -0.02178823 -0.01350402 -0.06735141
 -0.01350402  0.08176444 -0.07977773  0.08176444  0.03205916  0.02377494
 -0.03007245 -0.0010777  -0.03835666 -0.0010777   0.04034337  0.06933812
  0.03205916  0.06105391  0.00306441  0.06105391  0.08176444  0.0569118
  0.01963284  0.04862759  0.02791705 -0.0052198   0.01963284  0.04448548
  0.01549073 -0.0052198   0.03620126  0.03205916 -0.05492509 -0.05906719
  0.05276969  0.00306441 -0.05906719  0.01549073 -0.03007245 -0.01764613
  0.02377494  0.00720652 -0.03007245 -0.0010777   0.01549073 -0.03007245
 -0.0010777  -0.07149352  0.13561183 -0.04249877 -0.03835666  0.00306441
  0.06105391  0.01134862 -0.07563562 -0.05906719 -0.04664087  0.06105391
  0.04034337  0.02377494  0.04034337  0.01134862  0.09833287  0.09833287
  0.04862759  0.03205916  0.08176444  0.02791705 -0.07563562 -0.01764613
 -0.02178823 -0.0010777  -0.07977773  0.01963284 -0.0010777  -0.0632093
 -0.03835666  0.02377494 -0.02593034 -0.05492509  0.03620126  0.00720652
 -0.03835666 -0.01350402  0.00306441 -0.07563562 -0.03835666 -0.08806194
  0.07348023 -0.05078298  0.06519601 -0.02178823  0.00720652 -0.05492509
 -0.03421455  0.02377494 -0.06735141  0.01963284 -0.00936191  0.04034337
  0.04448548  0.04034337 -0.00936191 -0.03007245 -0.13776723  0.01963284
  0.04034337 -0.0052198  -0.04249877 -0.02593034  0.08590655  0.01963284
  0.00720652  0.00306441  0.03620126  0.00306441  0.00720652 -0.0052198
  0.06105391  0.01549073 -0.00936191 -0.04664087  0.02377494 -0.05078298
  0.08590655  0.03205916  0.13146972 -0.03835666 -0.01764613 -0.0010777
  0.10661708 -0.00936191  0.03205916 -0.03835666 -0.04664087  0.00720652
  0.04448548  0.01549073 -0.02593034  0.00306441]
